#IID	HET_CT	H	theta	Ne
HG02922	3329684	0.00107409	0.00107524	22400.8
HG02923	3255471	0.00105015	0.00105125	21901
HG03499	3258023	0.00105098	0.00105209	21918.5
HG03511	3262098	0.00105229	0.0010534	21945.8
HG03514	3295314	0.001063	0.00106413	22169.4
HG03515	3263008	0.00105258	0.00105369	21951.9
HG03517	3255704	0.00105023	0.00105133	21902.7
HG03518	3302063	0.00106518	0.00106632	22215
HG03520	3284444	0.0010595	0.00106062	22096.2
HG03521	3251339	0.00104882	0.00104992	21873.3
HG02938	3268845	0.00105447	0.00105558	21991.2
HG02941	3288623	0.00106085	0.00106198	22124.6
HG02943	3287115	0.00106036	0.00106149	22114.4
HG02944	3277886	0.00105738	0.0010585	22052.1
HG02946	3304435	0.00106595	0.00106709	22231
HG02947	3319481	0.0010708	0.00107195	22332.3
HG02952	3289578	0.00106115	0.00106228	22130.8
HG02953	3239892	0.00104513	0.00104622	21796.2
HG02968	3255242	0.00105008	0.00105118	21899.6
HG02970	3280789	0.00105832	0.00105944	22071.7
HG02971	3261012	0.00105194	0.00105305	21938.5
HG02973	3299951	0.0010645	0.00106563	22200.6
HG02974	3289669	0.00106118	0.00106231	22131.5
HG02976	3278952	0.00105773	0.00105885	22059.4
HG02977	3275638	0.00105666	0.00105778	22037.1
HG02979	3258296	0.00105106	0.00105217	21920.2
HG02981	3299660	0.00106441	0.00106554	22198.8
HG03099	3274334	0.00105624	0.00105736	22028.3
HG03100	3262542	0.00105243	0.00105354	21948.8
HG03103	3200235	0.00103233	0.0010334	21529.2
HG03105	3254844	0.00104995	0.00105105	21896.9
HG03108	3281082	0.00105841	0.00105953	22073.5
HG03109	3299816	0.00106446	0.00106559	22199.8
HG03111	3266812	0.00105381	0.00105492	21977.5
HG03112	3285402	0.00105981	0.00106093	22102.7
HG03114	3261660	0.00105215	0.00105326	21942.9
HG03115	3271500	0.00105532	0.00105643	22009
HG03117	3306848	0.00106673	0.00106787	22247.3
HG03118	3261861	0.00105221	0.00105332	21944.2
HG03120	3299878	0.00106448	0.00106561	22200.2
HG03121	3254376	0.0010498	0.0010509	21893.8
HG03123	3305401	0.00106626	0.0010674	22237.5
HG03124	3295071	0.00106293	0.00106406	22167.9
HG03126	3281321	0.00105849	0.00105961	22075.2
HG03127	3290640	0.0010615	0.00106263	22138.1
HG03129	3213857	0.00103673	0.00103781	21621
HG03130	3222068	0.00103938	0.00104046	21676.2
HG03132	3278937	0.00105772	0.00105884	22059.2
HG03133	3278379	0.00105754	0.00105866	22055.4
HG03135	3286827	0.00106027	0.0010614	22112.5
HG03136	3272246	0.00105556	0.00105668	22014.2
HG03139	3259687	0.00105151	0.00105262	21929.6
HG03157	3301148	0.00106489	0.00106603	22209
HG03159	3270535	0.00105501	0.00105612	22002.5
HG03160	3265450	0.00105337	0.00105448	21968.3
HG03162	3253094	0.00104939	0.00105049	21885.2
HG03163	3192619	0.00102988	0.00103094	21477.9
HG03166	3244764	0.0010467	0.0010478	21829.2
HG03168	3256928	0.00105062	0.00105172	21910.8
HG03169	3212817	0.00103639	0.00103747	21614
HG03172	3253819	0.00104962	0.00105072	21890
HG03175	3286800	0.00106026	0.00106139	22112.3
HG03189	3282053	0.00105873	0.00105985	22080.2
HG03190	3212622	0.00103633	0.00103741	21612.7
HG03193	3315073	0.00106938	0.00107052	22302.5
HG03195	3267078	0.0010539	0.00105501	21979.4
HG03196	3285224	0.00105975	0.00106087	22101.5
HG03198	3245832	0.00104704	0.00104814	21836.2
HG03199	3243549	0.00104631	0.00104741	21821
HG03202	3276812	0.00105704	0.00105816	22045
HG03265	3265939	0.00105353	0.00105464	21971.7
HG03267	3279852	0.00105802	0.00105914	22065.4
HG03268	3253458	0.0010495	0.0010506	21887.5
HG03270	3278751	0.00105766	0.00105878	22057.9
HG03271	3254833	0.00104995	0.00105105	21896.9
HG03279	3271728	0.0010554	0.00105652	22010.8
HG03280	3258969	0.00105128	0.00105239	21924.8
HG03291	3268322	0.0010543	0.00105541	21987.7
HG03294	3258807	0.00105123	0.00105234	21923.8
HG03295	3271035	0.00105517	0.00105628	22005.8
HG03297	3273971	0.00105612	0.00105724	22025.8
HG03298	3262508	0.00105242	0.00105353	21948.5
HG03300	3228696	0.00104151	0.0010426	21720.8
HG03301	3282539	0.00105888	0.00106	22083.3
HG03303	3261413	0.00105207	0.00105318	21941.2
HG03304	3290215	0.00106136	0.00106249	22135.2
HG03311	3224294	0.00104009	0.00104117	21691
HG03313	3220860	0.00103899	0.00104007	21668.1
HG03342	3289326	0.00106107	0.0010622	22129.2
HG03343	3231652	0.00104247	0.00104356	21740.8
HG03351	3252748	0.00104927	0.00105037	21882.7
HG03352	3248764	0.00104799	0.00104909	21856
HG03354	3273859	0.00105608	0.0010572	22025
HG03363	3220214	0.00103878	0.00103986	21663.8
HG03366	3272208	0.00105555	0.00105667	22014
HG03367	3266283	0.00105364	0.00105475	21974
HG03369	3270336	0.00105495	0.00105606	22001.2
HG03370	3271580	0.00105535	0.00105646	22009.6
HG03372	3244919	0.00104675	0.00104785	21830.2
NA18486	3267097	0.00102097	0.00102201	21291.9
NA18488	3296765	0.00103024	0.0010313	21485.4
NA18489	3278006	0.00102438	0.00102543	21363.1
NA18498	3251702	0.00101616	0.00101719	21191.5
NA18499	3275047	0.00102345	0.0010245	21343.8
NA18501	3283177	0.00102599	0.00102704	21396.7
NA18502	3254318	0.00101697	0.00101801	21208.5
NA18504	3276016	0.00102376	0.00102481	21350.2
NA18505	3275761	0.00102368	0.00102473	21348.5
NA19107	3254111	0.00101691	0.00101795	21207.3
NA19108	3244958	0.00101405	0.00101508	21147.5
NA18867	3263639	0.00101989	0.00102093	21269.4
NA18868	3320972	0.0010378	0.00103888	21643.3
NA18507	3234882	0.0010109	0.00101192	21081.7
NA18508	3305313	0.00103291	0.00103398	21541.3
NA18511	3293713	0.00102929	0.00103035	21465.6
NA18510	3285800	0.00102681	0.00102787	21414
NA18858	3279262	0.00102477	0.00102582	21371.2
NA18516	3232577	0.00101018	0.0010112	21066.7
NA18517	3261154	0.00101911	0.00102015	21253.1
NA18519	3274254	0.0010232	0.00102425	21338.5
NA18520	3236092	0.00101128	0.0010123	21089.6
NA18522	3239939	0.00101248	0.00101351	21114.8
NA18523	3269724	0.00102179	0.00102284	21309.2
NA18870	3287687	0.0010274	0.00102846	21426.2
NA18871	3268507	0.00102141	0.00102245	21301
NA18853	3262085	0.0010194	0.00102044	21259.2
NA18873	3287367	0.0010273	0.00102836	21424.2
NA18874	3286837	0.00102714	0.0010282	21420.8
NA18876	3284248	0.00102633	0.00102738	21403.8
NA18877	3258620	0.00101832	0.00101936	21236.7
NA18878	3265373	0.00102043	0.00102147	21280.6
NA18879	3290667	0.00102833	0.00102939	21445.6
NA18881	3252578	0.00101643	0.00101746	21197.1
NA18856	3300249	0.00103133	0.00103239	21508.1
NA18861	3294694	0.00102959	0.00103065	21471.9
NA18907	3276770	0.00102399	0.00102504	21355
NA18908	3270798	0.00102212	0.00102317	21316
NA18864	3278684	0.00102459	0.00102564	21367.5
NA18865	3279044	0.0010247	0.00102575	21369.8
NA18909	3283548	0.00102611	0.00102716	21399.2
NA18910	3253699	0.00101678	0.00101781	21204.4
NA18912	3275934	0.00102373	0.00102478	21349.6
NA18915	3261340	0.00101917	0.00102021	21254.4
NA18916	3294951	0.00102967	0.00103073	21473.5
NA18917	3291252	0.00102852	0.00102958	21449.6
NA18923	3269386	0.00102168	0.00102272	21306.7
NA18924	3258716	0.00101835	0.00101939	21237.3
NA19197	3261885	0.00101934	0.00102038	21257.9
NA19198	3253608	0.00101675	0.00101778	21203.8
NA18933	3264696	0.00102022	0.00102126	21276.2
NA18934	3253485	0.00101671	0.00101774	21202.9
NA19184	3253642	0.00101676	0.00101779	21204
NA19185	3285446	0.0010267	0.00102776	21411.7
NA19092	3273197	0.00102287	0.00102392	21331.7
NA19093	3247927	0.00101498	0.00101601	21166.9
NA19095	3247402	0.00101481	0.00101584	21163.3
NA19096	3255595	0.00101737	0.00101841	21216.9
NA19102	3277945	0.00102436	0.00102541	21362.7
NA19137	3250639	0.00101582	0.00101685	21184.4
NA19138	3251972	0.00101624	0.00101727	21193.1
NA19175	3273422	0.00102294	0.00102399	21333.1
NA19201	3229378	0.00100918	0.0010102	21045.8
NA19171	3263893	0.00101997	0.00102101	21271
NA19172	3253386	0.00101668	0.00101771	21202.3
NA19204	3261393	0.00101919	0.00102023	21254.8
NA19209	3256345	0.00101761	0.00101865	21221.9
NA19210	3271929	0.00102248	0.00102353	21323.5
NA19206	3265331	0.00102042	0.00102146	21280.4
NA19207	3256359	0.00101761	0.00101865	21221.9
NA19159	3299229	0.00103101	0.00103207	21501.5
NA19160	3259513	0.0010186	0.00101964	21242.5
NA19225	3278872	0.00102465	0.0010257	21368.8
NA19222	3246678	0.00101459	0.00101562	21158.8
NA19223	3244767	0.00101399	0.00101502	21146.2
NA19116	3249845	0.00101558	0.00101661	21179.4
NA19119	3265722	0.00102054	0.00102158	21282.9
NA19121	3239517	0.00101235	0.00101338	21112.1
NA19141	3244376	0.00101387	0.0010149	21143.8
NA19152	3281419	0.00102544	0.00102649	21385.2
NA19153	3246228	0.00101445	0.00101548	21155.8
NA19149	3237344	0.00101167	0.00101269	21097.7
NA19143	3256903	0.00101778	0.00101882	21225.4
NA19144	3278560	0.00102455	0.0010256	21366.7
NA19146	3264088	0.00102003	0.00102107	21272.3
NA19147	3269596	0.00102175	0.0010228	21308.3
NA19113	3219209	0.001006	0.00100701	20979.4
NA19114	3288620	0.00102769	0.00102875	21432.3
NA19256	3287731	0.00102742	0.00102848	21426.7
NA19257	3286450	0.00102702	0.00102808	21418.3
NA19117	3253004	0.00101656	0.00101759	21199.8
NA19118	3281625	0.00102551	0.00102656	21386.7
NA19131	3294140	0.00102942	0.00103048	21468.3
NA19098	3258592	0.00101831	0.00101935	21236.5
NA19099	3275132	0.00102348	0.00102453	21344.4
NA19213	3295242	0.00102976	0.00103082	21475.4
NA19214	3273354	0.00102292	0.00102397	21332.7
NA19189	3204530	0.00100142	0.00100242	20883.8
NA19190	3271479	0.00102234	0.00102339	21320.6
NA19235	3268873	0.00102152	0.00102256	21303.3
NA19236	3271012	0.00102219	0.00102324	21317.5
NA19238	3264671	0.00102021	0.00102125	21276
NA19239	3258243	0.0010182	0.00101924	21234.2
NA19247	3233580	0.00101049	0.00101151	21073.1
NA19248	3259134	0.00101848	0.00101952	21240
